5.123157501220703125e-01
4.757224917411804199e-01
4.576549232006072998e-01
4.461177587509155273e-01
4.378047287464141846e-01
4.312779605388641357e-01
4.261695146560668945e-01
4.208778142929077148e-01
4.170683324337005615e-01
4.152121841907501221e-01
4.114421010017395020e-01
4.082939922809600830e-01
4.067656397819519043e-01
4.049749672412872314e-01
4.029607474803924561e-01
4.012401700019836426e-01
3.993829190731048584e-01
3.979551494121551514e-01
3.977058827877044678e-01
3.952483534812927246e-01
3.939890265464782715e-01
3.929368555545806885e-01
3.920214772224426270e-01
3.921675384044647217e-01
3.904038965702056885e-01
3.887569308280944824e-01
3.889502286911010742e-01
3.866961896419525146e-01
3.870899975299835205e-01
3.854110836982727051e-01
3.856365978717803955e-01
3.842654824256896973e-01
3.843165040016174316e-01
3.830185830593109131e-01
3.822993040084838867e-01
3.813448548316955566e-01
3.823852837085723877e-01
3.801642954349517822e-01
3.798657357692718506e-01
3.794820308685302734e-01
